0	1.00009	271.808
0	1.10004	281.502
0	1.20001	291.86
0	1.29987	301.428
0	1.40004	311.638
0	1.4999	322.619
0	1.59992	331.335
0	1.70002	342.447
0	1.79996	353.335
0	1.89972	362.59
0	1.99999	373.159
0	2.09993	384.092
0	2.20006	393.222
0	2.30023	403.774
0	2.39977	414.11
0	2.50006	424.806
0	2.60017	434.203
0	2.70008	444.659
0	2.80015	455.021
0	2.90004	464.888
0	3.00028	475.586
0	3.10023	486.213
0	3.19964	495.596
0	3.30003	506.573
0	3.3998	517.166
0	3.49955	527.168
0	3.6	537.754
0	3.70015	548.247
0	3.80011	558.544
0	3.90016	568.969
0	3.99938	579.785
0	4.09997	590.309
0	4.19998	600.726
0	4.30005	611.247
0	4.4002	622.31
0	4.49989	632.342
0	4.60017	642.816
0	4.70002	653.251
0	4.80016	663.485
0	4.90001	674.339
0	5.00023	685.241



0.1	0.999987	264.577
0.1	1.09994	275.454
0.1	1.20002	284.705
0.1	1.30008	296.283
0.1	1.39995	305.488
0.1	1.50007	315.583
0.1	1.60004	326.806
0.1	1.69995	337.146
0.1	1.80015	345.922
0.1	1.90009	356.942
0.1	1.99997	365.809
0.1	2.10006	377.14
0.1	2.20007	387.59
0.1	2.30005	397.728
0.1	2.39992	407.38
0.1	2.50015	418.396
0.1	2.59961	427.497
0.1	2.70017	438.192
0.1	2.79993	448.878
0.1	2.89983	459.666
0.1	3.00016	469.207
0.1	3.10022	478.906
0.1	3.20023	489.97
0.1	3.30015	500.057
0.1	3.40007	510.778
0.1	3.49999	521.958
0.1	3.59997	531.84
0.1	3.69988	541.891
0.1	3.80005	552.902
0.1	3.90025	563.869
0.1	4.00006	573.431
0.1	4.10008	583.527
0.1	4.20016	594.307
0.1	4.30039	604.944
0.1	4.39974	615.128
0.1	4.49966	626.213
0.1	4.60005	635.653
0.1	4.69984	646.88
0.1	4.80019	657.15
0.1	4.89989	668.037
0.1	5.00004	679.404



0.2	1.00005	258.61
0.2	1.10012	269.481
0.2	1.1999	279.117
0.2	1.30002	289.364
0.2	1.39993	298.245
0.2	1.49999	310.152
0.2	1.60011	322.085
0.2	1.69988	331.494
0.2	1.79988	339.945
0.2	1.90004	350.809
0.2	1.99981	360.906
0.2	2.09987	371.201
0.2	2.20003	380.493
0.2	2.30011	389.741
0.2	2.39988	401.739
0.2	2.49991	411.421
0.2	2.60001	423.009
0.2	2.70009	432.176
0.2	2.7999	441.534
0.2	2.89995	453.443
0.2	2.99998	464.303
0.2	3.10019	472.385
0.2	3.20006	483.963
0.2	3.30007	494.705
0.2	3.39984	506.657
0.2	3.49988	517.169
0.2	3.60002	525.206
0.2	3.6999	536.087
0.2	3.80005	547.786
0.2	3.8999	557.434
0.2	3.99999	567.13
0.2	4.09976	576.204
0.2	4.20006	588.797
0.2	4.30002	596.639
0.2	4.40015	609.573
0.2	4.50039	620.818
0.2	4.5997	631.739
0.2	4.70017	640.72
0.2	4.79987	650.598
0.2	4.90021	660.568
0.2	5.00031	671.356



0.3	0.999983	252.781
0.3	1.10015	263.112
0.3	1.20006	276.127
0.3	1.29996	280.506
0.3	1.39994	294.305
0.3	1.5001	303.561
0.3	1.59986	314.982
0.3	1.6999	323.865
0.3	1.79987	331.516
0.3	1.90004	345.909
0.3	1.99985	356.16
0.3	2.09988	364.635
0.3	2.20008	375.778
0.3	2.3002	387.915
0.3	2.40007	397.253
0.3	2.4997	409.127
0.3	2.60005	415.791
0.3	2.70023	428.754
0.3	2.79996	436.437
0.3	2.90017	445.298
0.3	2.99987	457.321
0.3	3.09992	467.385
0.3	3.2001	477.94
0.3	3.30004	488.374
0.3	3.39991	501.375
0.3	3.50014	512.836
0.3	3.59975	519.622
0.3	3.69973	529.581
0.3	3.80004	541.514
0.3	3.89981	549.814
0.3	3.99993	562.03
0.3	4.1001	572.189
0.3	4.20011	581.763
0.3	4.29939	592.641
0.3	4.40007	605.202
0.3	4.49989	615.785
0.3	4.59982	622.564
0.3	4.70009	634.278
0.3	4.80027	644.895
0.3	4.90011	653.878
0.3	4.99989	664.6



0.4	0.999921	248.007
0.4	1.09995	258.186
0.4	1.19993	267.65
0.4	1.30001	277.617
0.4	1.39984	289.711
0.4	1.49995	302.31
0.4	1.60015	309.034
0.4	1.69998	319.387
0.4	1.79994	327.008
0.4	1.89979	340.704
0.4	1.99992	350.347
0.4	2.10003	357.598
0.4	2.19986	372.306
0.4	2.29996	382.048
0.4	2.40013	389.481
0.4	2.49975	400.135
0.4	2.60007	411.675
0.4	2.69972	422.822
0.4	2.80003	431.497
0.4	2.89992	443.292
0.4	2.99987	451.433
0.4	3.09982	461.627
0.4	3.20013	471.499
0.4	3.30025	483.199
0.4	3.40012	494.768
0.4	3.49965	502.634
0.4	3.60019	509.717
0.4	3.69996	525.315
0.4	3.80016	533.506
0.4	3.89976	546.531
0.4	4.00031	556.918
0.4	4.09991	568.201
0.4	4.2	575.996
0.4	4.29988	590.837
0.4	4.39983	598.592
0.4	4.49972	607.95
0.4	4.59992	619.04
0.4	4.70013	627.2
0.4	4.79979	638.842
0.4	4.90012	648.856
0.4	4.99946	660.264



0.5	1.00011	243.027
0.5	1.09995	254.149
0.5	1.20006	263.688
0.5	1.2999	270.332
0.5	1.40001	279.671
0.5	1.50007	293.84
0.5	1.60011	302.175
0.5	1.70005	313.092
0.5	1.79994	322.543
0.5	1.89984	334.369
0.5	1.99996	343.233
0.5	2.10011	350.999
0.5	2.20028	364.858
0.5	2.30031	371.355
0.5	2.40005	386.944
0.5	2.50002	394.535
0.5	2.59989	403.668
0.5	2.70009	415.749
0.5	2.79987	425.785
0.5	2.90005	435.358
0.5	2.99999	446.376
0.5	3.10017	457.456
0.5	3.20004	467.93
0.5	3.29947	479.954
0.5	3.39999	488.309
0.5	3.49997	499.955
0.5	3.60008	511.319
0.5	3.70022	519.343
0.5	3.80011	527.075
0.5	3.90037	538.639
0.5	3.99992	549.63
0.5	4.10012	561.89
0.5	4.20012	574.121
0.5	4.30019	582.994
0.5	4.40007	593.487
0.5	4.49957	601.936
0.5	4.60002	609.774
0.5	4.70022	619.688
0.5	4.8002	636.238
0.5	4.90053	645.088
0.5	4.99985	654.94



0.6	0.999966	237.382
0.6	1.09999	244.193
0.6	1.20001	256.183
0.6	1.29994	270.429
0.6	1.3998	279.489
0.6	1.49993	287.142
0.6	1.59991	298.761
0.6	1.70016	308.693
0.6	1.79992	317.437
0.6	1.90004	329.91
0.6	1.99987	334.87
0.6	2.09995	346.523
0.6	2.20001	362.521
0.6	2.29988	370.309
0.6	2.4	378.719
0.6	2.49982	389.672
0.6	2.59993	401.139
0.6	2.69991	407.906
0.6	2.80007	421.89
0.6	2.90009	434.714
0.6	2.99997	446.472
0.6	3.0999	446.488
0.6	3.19986	458.661
0.6	3.29988	470.167
0.6	3.39975	485.267
0.6	3.50014	491.387
0.6	3.60006	496.607
0.6	3.7003	512.408
0.6	3.79968	521.891
0.6	3.90016	530.613
0.6	4.00009	539.628
0.6	4.09997	556.274
0.6	4.20014	565.576
0.6	4.29984	581.146
0.6	4.39995	583.331
0.6	4.50006	598.377
0.6	4.5999	606.353
0.6	4.70034	620.436
0.6	4.79992	621.591
0.6	4.90021	641.336
0.6	4.99946	650.351



0.7	1.00013	231.506
0.7	1.10014	242.96
0.7	1.19988	254.61
0.7	1.3	264.016
0.7	1.39991	272.788
0.7	1.50003	279.358
0.7	1.59994	290.198
0.7	1.69982	306.218
0.7	1.79988	315.552
0.7	1.89997	325.392
0.7	1.99999	331.255
0.7	2.09998	341.064
0.7	2.20003	357.138
0.7	2.29963	363.94
0.7	2.40007	367.342
0.7	2.49984	382.06
0.7	2.60016	396.524
0.7	2.69998	403.449
0.7	2.80009	420.4
0.7	2.90001	419.616
0.7	2.99991	435.616
0.7	3.10003	450.773
0.7	3.19983	453.651
0.7	3.29991	472.075
0.7	3.40016	472.238
0.7	3.49985	482.129
0.7	3.59988	497.008
0.7	3.70017	505.258
0.7	3.80009	520.941
0.7	3.89985	533.55
0.7	3.99983	537.557
0.7	4.10037	551.333
0.7	4.19984	557.954
0.7	4.29986	570.357
0.7	4.40019	580.307
0.7	4.50015	589.849
0.7	4.5999	601.394
0.7	4.70011	612.765
0.7	4.80018	620.963
0.7	4.90023	634.575
0.7	5.00009	647.34



0.8	0.999967	228.139
0.8	1.10008	238.661
0.8	1.20003	250.248
0.8	1.30004	257.487
0.8	1.39994	265.805
0.8	1.49998	277.331
0.8	1.59993	286.707
0.8	1.69984	294.046
0.8	1.80015	307.469
0.8	1.90012	321.164
0.8	1.99998	328.572
0.8	2.10007	336.322
0.8	2.20016	349.021
0.8	2.3001	361.424
0.8	2.40013	371.46
0.8	2.50024	379.035
0.8	2.59988	393.785
0.8	2.69993	402.134
0.8	2.7998	409.94
0.8	2.9001	419.483
0.8	2.9999	433.622
0.8	3.10001	438.075
0.8	3.2	452.145
0.8	3.30008	461.707
0.8	3.39977	467.557
0.8	3.49988	483.589
0.8	3.59982	491.582
0.8	3.70003	502.256
0.8	3.80027	514.746
0.8	3.89996	526.314
0.8	3.9999	536.777
0.8	4.10002	544.703
0.8	4.19983	558.37
0.8	4.30008	565.221
0.8	4.4003	573.039
0.8	4.49974	582.114
0.8	4.5996	592.817
0.8	4.69982	604.754
0.8	4.79984	609.396
0.8	4.90002	630.274
0.8	5.00006	636.412



0.9	1.00005	217.474
0.9	1.1	238.828
0.9	1.20007	244.393
0.9	1.30012	247.633
0.9	1.39998	266.713
0.9	1.50006	271.247
0.9	1.60004	283.92
0.9	1.69996	295.383
0.9	1.79985	302.785
0.9	1.89981	308.172
0.9	2.00005	319.251
0.9	2.10027	331.338
0.9	2.20015	344.567
0.9	2.30015	357.098
0.9	2.39994	359.673
0.9	2.50009	375.209
0.9	2.60004	382.198
0.9	2.69975	397.602
0.9	2.79993	403.263
0.9	2.9	418.118
0.9	3.00015	425.44
0.9	3.09992	436.865
0.9	3.19967	443.095
0.9	3.30003	453.298
0.9	3.4	470.539
0.9	3.50003	480.008
0.9	3.59973	478.492
0.9	3.70019	499.954
0.9	3.79998	501.908
0.9	3.89971	522.642
0.9	4.00026	522.037
0.9	4.10005	531.03
0.9	4.20054	549.489
0.9	4.30009	552.541
0.9	4.39981	567.017
0.9	4.50027	573.062
0.9	4.60018	584.012
0.9	4.69962	598.926
0.9	4.7999	609.717
0.9	4.89958	618.732
0.9	4.99997	631.985



1	0.999992	224.358
1	1.10014	227.868
1	1.20004	245.572
1	1.30002	247.662
1	1.40001	260.794
1	1.50018	264.812
1	1.59992	278.936
1	1.70006	285.59
1	1.80015	295.573
1	1.90013	311.146
1	2.00024	322.798
1	2.09999	334.66
1	2.19997	342.931
1	2.29974	351.306
1	2.40005	352.088
1	2.49994	367.615
1	2.59994	380.35
1	2.70024	389.918
1	2.79988	398.515
1	2.89994	406.254
1	2.99964	421.934
1	3.09991	429.273
1	3.20017	443.619
1	3.30005	450.331
1	3.39998	458.716
1	3.50018	467.282
1	3.60019	480.138
1	3.69998	482.358
1	3.8003	501.346
1	3.90011	512.764
1	4.00017	526.056
1	4.10026	535.11
1	4.20013	542.353
1	4.29967	546.817
1	4.40023	561.5
1	4.50002	583.393
1	4.60026	581.323
1	4.69982	598.698
1	4.79995	607.912
1	4.9001	617.88
1	4.99971	625.515















